Model: alphabet_landmarks
Accuracy: 89.66%

Classification Report:
              precision    recall  f1-score   support

           A       0.58      0.95      0.72       117
           B       0.90      1.00      0.95        82
           C       1.00      0.94      0.97       113
           D       0.99      0.95      0.97        97
           E       0.78      0.96      0.86        84
           F       1.00      0.94      0.97        93
           G       0.98      0.99      0.98        97
           H       0.91      1.00      0.95        61
           I       1.00      0.88      0.94        78
           J       0.90      0.85      0.87        81
           K       0.98      0.96      0.97        89
           L       0.97      0.98      0.97        89
           M       0.87      0.79      0.83        66
           N       1.00      0.14      0.24        51
           O       1.00      0.84      0.91        70
           P       0.95      0.95      0.95        77
           Q       1.00      0.94      0.97        81
           R       0.99      0.92      0.95        87
           S       1.00      0.32      0.48        76
           T       0.66      0.81      0.72        99
           U       0.94      0.96      0.95       101
           V       0.97      0.93      0.95       127
           W       0.93      0.99      0.96        80
           X       0.95      0.85      0.90        91
           Y       0.96      0.96      0.96        90
           Z       0.80      0.98      0.88        92
         del       0.97      0.97      0.97        40
     nothing       0.89      0.98      0.93        42
       space       0.88      1.00      0.94        37

    accuracy                           0.90      2388
   macro avg       0.92      0.89      0.88      2388
weighted avg       0.92      0.90      0.89      2388
