Model: alphabet_landmarks
Accuracy: 97.28%

Classification Report:
              precision    recall  f1-score   support

           A       0.99      0.95      0.97       117
           B       0.94      1.00      0.97        82
           C       0.99      0.99      0.99       113
           D       0.99      0.97      0.98        97
           E       0.91      0.98      0.94        84
           F       1.00      0.95      0.97        93
           G       1.00      0.99      0.99        97
           H       0.98      0.98      0.98        61
           I       1.00      0.97      0.99        78
           J       0.94      0.95      0.94        81
           K       0.99      0.96      0.97        89
           L       0.99      0.98      0.98        89
           M       0.97      0.98      0.98        66
           N       0.92      0.90      0.91        51
           O       0.97      0.93      0.95        70
           P       0.97      1.00      0.99        77
           Q       0.99      0.99      0.99        81
           R       0.94      0.98      0.96        87
           S       0.97      0.93      0.95        76
           T       0.93      0.97      0.95        99
           U       0.96      1.00      0.98       101
           V       1.00      0.98      0.99       127
           W       0.97      0.97      0.97        80
           X       0.98      0.95      0.96        91
           Y       1.00      0.99      0.99        90
           Z       0.97      0.99      0.98        92
         del       0.91      1.00      0.95        40
     nothing       1.00      1.00      1.00        42
       space       0.97      1.00      0.99        37

    accuracy                           0.97      2388
   macro avg       0.97      0.97      0.97      2388
weighted avg       0.97      0.97      0.97      2388
